3 39 3

 -3.1415926535897931e+00 +0.0000000000000000e+00 +3.1415926535897931e+00 -2.1415926535897931e+00 -3.1415926535897931e+00 -3.1415926535897931e+00 -2.1415926535897931e+00 -3.1415926535897931e+00 -3.1415926535897931e+00 -2.1415926535897931e+00 -3.1415926535897931e+00 -3.1415926535897931e+00 -2.1415926535897931e+00 -3.1415926535897931e+00 -3.1415926535897931e+00 -2.1415926535897931e+00 -3.1415926535897931e+00 -3.1415926535897931e+00 -2.1415926535897931e+00 -3.1415926535897931e+00 -3.1415926535897931e+00 -2.8082593202564596e+00 -2.8915926535897931e+00 -3.1415926535897931e+00 -3.1415926535897931e+00 -3.1415926535897931e+00 -3.0415926535897930e+00 -3.1415926535897931e+00 -3.1415926535897931e+00 -3.0790926535897931e+00 -3.1415926535897931e+00 -3.1415926535897931e+00 -3.1226532596503991e+00 -3.1277037647009043e+00 -3.1406236613417313e+00 -3.1411586258120154e+00 -3.1398565424786820e+00 -3.1397784860996745e+00 -3.1411294618901882e+00
 -5.0000000000000000e+00 +0.0000000000000000e+00 +5.0000000000000000e+00 -5.0000000000000000e+00 -4.0000000000000000e+00 -5.0000000000000000e+00 -5.0000000000000000e+00 -4.0000000000000000e+00 -5.0000000000000000e+00 -5.0000000000000000e+00 -4.0000000000000000e+00 -5.0000000000000000e+00 -5.0000000000000000e+00 -4.0000000000000000e+00 -5.0000000000000000e+00 -5.0000000000000000e+00 -4.0000000000000000e+00 -5.0000000000000000e+00 -5.0000000000000000e+00 -4.0000000000000000e+00 -5.0000000000000000e+00 -4.6666666666666670e+00 -5.0000000000000000e+00 -4.7500000000000000e+00 -5.0000000000000000e+00 -5.0000000000000000e+00 -4.9249999999999998e+00 -5.0000000000000000e+00 -5.0000000000000000e+00 -5.0000000000000000e+00 -4.9423076923076925e+00 -4.9759615384615383e+00 -4.9810606060606064e+00 -4.9930555555555554e+00 -4.9990310077519382e+00 -4.9982638888888893e+00 -4.9969618055555554e+00 -4.9995368083003955e+00 -4.9995908473320156e+00
 -5.0000000000000000e+00 +0.0000000000000000e+00 +5.0000000000000000e+00 -5.0000000000000000e+00 -5.0000000000000000e+00 -4.0000000000000000e+00 -4.0000000000000000e+00 -4.0000000000000000e+00 -3.0000000000000000e+00 -3.0000000000000000e+00 -3.0000000000000000e+00 -2.0000000000000000e+00 -2.0000000000000000e+00 -2.0000000000000000e+00 -1.0000000000000000e+00 -1.0000000000000000e+00 -1.0000000000000000e+00 +0.0000000000000000e+00 +0.0000000000000000e+00 +0.0000000000000000e+00 +1.0000000000000000e+00 -1.6666666666666660e-01 +0.0000000000000000e+00 +0.0000000000000000e+00 -2.5000000000000000e-01 +2.5000000000000000e-01 +0.0000000000000000e+00 +1.2500000000000000e-01 -1.2500000000000000e-01 +0.0000000000000000e+00 +2.4038461538461529e-02 -5.7692307692307696e-02 +1.6098484848484848e-02 +1.7361111111111110e-03 -7.6913759689922478e-03 -3.4722222222222220e-03 +1.7361111111111110e-03 +5.5583003952569174e-04 -1.8527667984189723e-03

 -3.1415926535897931e+00 +0.0000000000000000e+00 +3.1415926535897931e+00 -2.1415926535897931e+00 -3.1415926535897931e+00 -3.1415926535897931e+00 -2.1415926535897931e+00 -3.1415926535897931e+00 -3.1415926535897931e+00 -2.1415926535897931e+00 -3.1415926535897931e+00 -3.1415926535897931e+00 -2.1415926535897931e+00 -3.1415926535897931e+00 -3.1415926535897931e+00 -2.1415926535897931e+00 -3.1415926535897931e+00 -3.1415926535897931e+00 -2.1415926535897931e+00 -3.1415926535897931e+00 -3.1415926535897931e+00 -2.8082593202564596e+00 -2.8915926535897931e+00 -3.1415926535897931e+00 -3.1415926535897931e+00 -3.1415926535897931e+00 -3.0415926535897930e+00 -3.1415926535897931e+00 -3.1415926535897931e+00 -3.0790926535897931e+00 -3.1415926535897931e+00 -3.1415926535897931e+00 -3.1226532596503991e+00 -3.1277037647009043e+00 -3.1406236613417313e+00 -3.1411586258120154e+00 -3.1398565424786820e+00 -3.1397784860996745e+00 -3.1411294618901882e+00
 +2.7099759466766971e+00 +2.4599759466766971e+00 +3.8644106367085804e+00 +3.2198507249105877e+00 +3.7099759466766971e+00 +2.5874010519681994e+00 +2.8862726672137589e+00 +3.5874010519681994e+00 +2.4422495703074083e+00 +3.3592117958111603e+00 +3.4422495703074083e+00 +2.2599210498948730e+00 +3.5964257900062417e+00 +3.2599210498948730e+00 +1.9999999999999998e+00 +3.7691273251310857e+00 +3.0000000000000000e+00 +1.0000084916799767e+00 +3.9087564930834944e+00 +2.0000084916799770e+00 +2.0000000000000000e+00 +2.5213882744247296e+00 +2.6095664659401931e+00 +1.6299690166274134e+00 +1.6299605249474360e+00 +1.6299605249474372e+00 +2.1614605465724019e+00 +1.5000000000000009e+00 +1.4999999999999991e+00 +1.8920819887066920e+00 +1.6750058632032954e+00 +1.6750058632032927e+00 +1.7425579618405700e+00 +1.6006863461009686e+00 +1.2405960718144917e+00 +1.2293741507891955e+00 +1.3631096163327387e+00 +1.2896398775211229e+00 +1.1515784637203617e+00
 +0.0000000000000000e+00 +6.2500000000000000e+00 +0.0000000000000000e+00 +0.0000000000000000e+00 +0.0000000000000000e+00 +0.0000000000000000e+00 +0.0000000000000000e+00 +0.0000000000000000e+00 +0.0000000000000000e+00 +0.0000000000000000e+00 +0.0000000000000000e+00 +0.0000000000000000e+00 +0.0000000000000000e+00 +0.0000000000000000e+00 +0.0000000000000000e+00 +0.0000000000000000e+00 +0.0000000000000000e+00 +0.0000000000000000e+00 +0.0000000000000000e+00 +0.0000000000000000e+00 +0.0000000000000000e+00 +0.0000000000000000e+00 +0.0000000000000000e+00 +0.0000000000000000e+00 +0.0000000000000000e+00 +0.0000000000000000e+00 +0.0000000000000000e+00 +0.0000000000000000e+00 +0.0000000000000000e+00 +0.0000000000000000e+00 +0.0000000000000000e+00 +0.0000000000000000e+00 +0.0000000000000000e+00 +0.0000000000000000e+00 +0.0000000000000000e+00 +0.0000000000000000e+00 +0.0000000000000000e+00 +0.0000000000000000e+00 +0.0000000000000000e+00

 +1.3141592653589793e+01 +0.0000000000000000e+00 +1.3141592653589793e+01 +1.2141592653589793e+01 +1.2141592653589793e+01 +1.2141592653589793e+01 +1.1141592653589793e+01 +1.1141592653589793e+01 +1.1141592653589793e+01 +1.0141592653589793e+01 +1.0141592653589793e+01 +1.0141592653589793e+01 +9.1415926535897931e+00 +9.1415926535897931e+00 +9.1415926535897931e+00 +8.1415926535897931e+00 +8.1415926535897931e+00 +8.1415926535897931e+00 +7.1415926535897931e+00 +7.1415926535897931e+00 +9.1415926535897931e+00 +7.6415926535897931e+00 +7.8915926535897931e+00 +7.8915926535897931e+00 +8.3915926535897931e+00 +8.3915926535897931e+00 +7.9665926535897924e+00 +8.2665926535897931e+00 +8.2665926535897931e+00 +8.0790926535897931e+00 +8.1079388074359464e+00 +8.1752464997436398e+00 +8.1198123505594904e+00 +8.1224954313675717e+00 +8.1473460450626618e+00 +8.1428947369231270e+00 +8.1385544591453485e+00 +8.1398711244395958e+00 +8.1425730760206232e+00
